0,2,2,0,2,2,0,0,0,0,0,0,0,400,10951,16598,
2,2,3,2,2,3,438,138,2,1,1,1,0,400,14023,18980,
3,4,4,3,4,4,642,204,18,0,0,0,0,400,13959,18978,
2,2,2,2,2,2,474,146,3,0,0,0,0,400,13881,18864,
19,24,26,19,24,26,2637,825,104,3,3,3,0,400,13917,18926,
36,45,46,28,39,45,4629,1491,200,4,1,0,0,400,13979,19000,
43,53,55,31,43,51,5559,1785,224,8,2,2,0,400,13956,18985,
36,44,45,28,38,45,4596,1458,226,2,1,1,0,400,13958,18998,
0,0,0,0,0,0,153,47,0,0,0,0,0,400,14143,19315,
0,0,1,0,0,1,228,74,2,1,0,0,0,400,14020,19236,
1,1,1,1,1,1,240,74,3,1,1,0,0,493,13817,19130,
0,0,0,0,0,0,210,66,3,0,0,0,0,590,13735,19075,
1,1,4,1,1,4,324,100,12,3,3,3,0,400,13971,19099,
1,1,1,1,1,1,282,75,2,0,0,0,85,700,13660,18753,
0,0,0,0,0,0,141,42,1,0,0,0,54,598,13738,18819,
1,1,1,1,1,1,447,109,4,0,0,0,45,556,13767,18822,
1,1,1,1,1,1,255,69,9,0,0,0,149,1375,13354,18664,
1,1,1,1,1,1,450,120,1,0,0,0,260,2222,13091,18499,
2,2,2,2,2,2,582,158,1,0,0,0,0,400,13148,18532,
3,3,3,3,3,3,480,154,10,0,0,0,0,400,13071,18468,
3,3,3,3,3,3,624,200,11,0,0,0,37,504,12993,18418,
4,4,4,4,4,4,813,253,4,0,0,0,0,400,13069,18424,
5,5,6,5,5,6,921,269,17,1,1,1,0,400,13255,18486,
6,7,8,6,7,8,1053,333,21,1,0,0,0,400,13199,18476,
9,10,10,9,10,10,1284,417,23,0,0,0,0,400,13131,18440,
7,7,8,7,7,8,1050,298,32,1,1,0,0,400,13202,18499,
8,10,11,8,10,11,1233,354,53,1,1,1,0,400,13112,18473,
7,8,8,7,8,8,1164,360,29,1,0,0,0,400,13243,18543,
6,7,7,6,7,7,987,324,30,0,0,0,0,400,13338,18580,
1,1,2,1,1,2,408,124,6,2,1,1,0,400,13921,19036,
307,993,1443,204,661,961,59589,19677,11519,3240,1064,859,285,779,13630,18617,
104,184,229,68,122,152,14469,4666,1210,178,52,38,305,824,13590,18595,
285,529,688,189,352,458,41739,13619,4383,745,254,198,327,1060,13492,18579,
189,324,420,125,215,279,26559,8584,2279,351,122,106,229,729,13661,18672,
165,281,341,109,186,226,22836,7398,1892,257,78,50,213,967,13537,18704,
92,154,182,61,102,121,12303,3973,937,130,31,23,189,765,13641,18750,
67,110,125,44,73,83,8901,2861,652,72,18,12,130,726,13664,18837,
50,76,94,46,70,92,0,0,0,0,0,0,0,400,11648,17452,
50,79,91,34,53,69,6855,2159,447,46,11,8,0,400,13706,18912,
32,48,56,27,40,52,4206,1344,274,26,7,6,90,668,13504,18778,
67,108,124,44,71,82,8697,2769,674,55,18,15,181,707,13479,18633,
67,102,112,44,67,77,8796,2784,605,51,8,8,247,821,13388,18545,
58,91,94,38,60,70,7749,2467,515,37,4,2,0,400,13327,18488,
39,58,68,30,45,58,4965,1598,355,35,11,6,0,400,13203,18438,
33,54,60,27,43,54,4476,1454,329,35,7,3,0,400,13116,18399,
30,42,47,26,37,46,4035,1278,251,11,6,4,0,400,13129,18385,
23,33,42,22,32,42,3177,1014,172,13,11,7,0,400,13159,18371,
30,47,52,26,40,49,3957,1296,244,27,6,4,9,400,13217,18357,
20,33,38,19,31,38,3009,963,180,12,5,5,0,400,13257,18368,
18,25,27,18,25,27,2427,766,162,5,2,2,4,400,13257,18349,
242,508,665,161,338,443,36861,12039,4569,810,265,197,97,400,13196,18221,
22,34,39,21,32,39,3021,957,204,13,5,4,0,400,13327,18380,
28,39,42,24,35,42,3681,1201,202,13,3,2,0,400,13352,18388,
23,39,49,22,35,47,3087,959,260,32,9,7,0,400,13354,18390,
53,95,110,34,62,76,7560,2452,625,81,14,13,0,400,13329,18340,
22,28,32,21,28,32,2967,956,144,6,4,3,78,699,13093,18220,
283,464,520,188,308,346,39900,13036,3698,360,79,67,131,785,13041,18128,
40,66,84,40,64,84,0,0,0,0,0,0,0,400,10279,16519,
21,32,34,20,31,34,2892,935,180,11,3,3,0,400,13273,18328,
19,26,30,19,26,30,2637,818,136,9,5,4,0,400,13262,18291,
26,37,40,23,34,40,3576,1128,210,10,5,1,0,400,13281,18296,
89,147,164,59,97,109,11586,3785,919,94,20,16,0,400,13330,18233,
63,90,107,41,59,75,8058,2662,454,54,18,15,0,400,13433,18354,
59,102,121,39,67,80,8211,2625,591,88,18,14,0,422,13308,18261,
103,159,190,68,105,126,13446,4373,922,116,34,28,49,563,13203,18147,
59,92,111,39,61,77,7902,2563,521,58,22,16,0,400,13234,18175,
44,73,86,32,51,67,6207,1928,398,58,13,12,0,400,13341,18279,
34,55,65,28,44,57,4464,1442,294,41,12,9,0,400,13337,18260,
102,166,191,67,110,127,13758,4446,989,110,29,17,0,400,13318,18245,
93,153,191,61,101,127,12579,3958,904,130,48,34,38,502,13234,18186,
74,118,132,49,78,87,10194,3259,724,42,17,10,0,400,13340,18251,
56,82,93,36,54,69,7704,2414,484,33,11,9,0,400,13306,18226,
62,91,97,41,60,72,7917,2575,474,42,5,5,0,400,13324,18243,
129,206,231,85,136,153,16641,5468,1185,134,33,23,0,400,13370,18280,
56,94,117,36,62,78,7500,2464,607,80,24,18,0,400,13441,18356,
67,118,144,44,78,95,9180,3023,758,92,31,19,0,400,13497,18376,
41,67,79,31,48,63,5622,1775,376,53,11,9,0,400,13476,18412,
56,91,100,37,60,73,7572,2469,513,58,8,7,0,400,13375,18351,
55,82,98,36,54,72,7164,2342,449,57,17,12,0,400,13185,18244,
40,69,73,30,49,61,5643,1852,432,30,4,3,0,400,13256,18244,
52,79,83,35,53,66,6840,2226,429,33,5,5,0,400,13308,18311,
92,151,181,61,100,120,12900,4100,931,134,33,24,0,419,13303,18315,
89,153,207,59,101,137,12228,3944,985,174,62,47,0,400,13395,18369,
71,119,140,47,79,93,9519,3079,696,102,21,16,0,400,13400,18395,
55,87,92,36,57,69,7329,2360,462,48,6,6,0,400,13445,18389,
76,120,134,50,79,89,10203,3231,696,63,15,12,0,400,13375,18377,
69,115,128,45,76,85,9357,3011,618,89,13,9,0,400,13354,18364,
71,112,121,46,74,80,9540,3051,651,56,10,9,0,400,13328,18358,
82,138,161,54,91,106,11418,3628,844,104,29,18,0,400,13367,18382,
97,168,202,64,111,134,13506,4295,1053,150,44,29,0,400,13386,18396,
76,122,139,50,81,92,10140,3301,739,74,17,15,0,400,13340,18346,
84,127,141,55,84,93,11112,3606,719,66,14,8,0,400,13231,18281,
81,127,147,53,84,97,10833,3527,761,78,22,18,0,400,13219,18270,
98,155,185,65,103,123,12939,4181,919,106,35,25,0,400,13222,18270,
102,169,200,67,112,133,13674,4443,1083,124,36,27,0,400,13379,18355,
180,331,398,119,220,264,25029,8186,2366,333,90,68,0,400,13403,18385,
76,129,146,50,85,97,10416,3353,732,90,20,15,24,506,13296,18332,
81,130,146,53,86,97,10887,3473,784,66,19,16,0,400,12939,18065,
104,178,223,69,118,148,14487,4569,1096,172,56,38,0,400,13129,18171,
103,168,198,68,111,131,13815,4491,1064,116,37,18,0,400,13105,18168,
93,164,206,61,109,137,12663,4104,1046,156,44,34,0,400,13158,18185,
89,154,189,59,102,125,11853,3853,972,130,39,31,0,400,13138,18165,
84,145,182,55,96,121,11496,3675,901,146,41,30,0,400,13128,18164,
58,89,104,38,59,74,7644,2445,473,69,14,12,0,400,13218,18194,
71,123,140,46,82,92,9888,3099,765,78,26,8,15,423,13193,18177,
77,121,154,51,80,102,9675,3197,719,102,38,27,0,400,13177,18153,
83,140,163,55,93,108,11022,3526,859,112,25,19,0,400,12855,17947,
73,122,150,48,80,99,10155,3208,724,110,33,28,0,400,13136,18118,
71,104,122,47,69,81,9093,2889,603,58,20,13,0,400,13150,18158,
57,99,113,37,65,77,7719,2500,599,62,14,10,0,400,13252,18218,
61,98,116,40,65,78,8286,2574,590,69,20,14,0,400,13264,18215,
43,73,89,31,51,68,5739,1879,421,62,20,14,5,408,13274,18210,
39,57,68,29,44,58,5466,1704,322,32,11,9,0,400,13237,18194,
33,49,55,27,40,51,4482,1389,284,19,6,3,0,400,13242,18192,
26,37,41,23,34,41,3558,1096,204,11,4,4,0,400,13199,18140,
39,64,72,30,47,61,5328,1667,387,41,8,7,0,400,13136,18108,
42,69,72,31,49,61,5940,1838,401,31,4,2,0,400,13200,18139,
44,69,78,32,49,63,5865,1834,394,42,10,8,0,400,13256,18172,
35,57,63,28,44,56,4551,1493,339,19,6,6,0,400,13155,18108,
33,52,62,27,42,55,4527,1482,298,28,10,7,0,400,13155,18130,
22,30,35,21,30,35,2925,905,188,13,5,3,0,400,13266,18202,
18,26,32,18,26,32,2718,850,154,10,6,6,0,400,13308,18227,
32,48,50,27,40,48,4422,1351,258,17,1,1,0,400,13203,18168,
26,44,50,23,38,48,3927,1185,292,30,6,4,0,400,13167,18118,
26,40,43,23,35,43,3531,1087,256,20,3,1,0,400,13176,18131,
29,46,55,25,39,51,4224,1305,246,32,12,7,0,400,13194,18157,
49,75,79,33,51,63,6762,2150,415,31,3,3,0,400,13240,18187,
47,68,80,33,49,64,6192,1958,387,31,14,13,0,400,13219,18178,
43,66,71,31,48,60,5991,1844,371,30,5,4,0,400,13176,18158,
43,65,66,31,47,57,6003,1863,378,24,2,1,0,400,13195,18162,
40,59,62,30,45,55,5238,1649,317,17,2,2,0,400,13278,18230,
43,62,68,31,46,58,5664,1800,330,19,7,5,0,400,13266,18227,
35,54,62,28,43,55,4698,1520,328,28,10,8,0,400,13283,18231,
30,39,42,26,35,42,4152,1305,166,9,3,1,0,400,13271,18245,
28,39,42,24,35,42,4077,1227,219,8,3,2,0,400,13272,18240,
24,35,38,22,33,38,3369,1053,188,14,3,3,0,400,13223,18232,
25,31,35,22,30,35,3309,1058,154,7,4,4,0,400,13237,18277,
23,31,31,22,30,31,3177,1002,142,5,0,0,0,400,13223,18274,
31,46,54,26,39,50,4068,1341,272,19,8,7,0,400,13146,18251,
47,79,89,33,53,68,6498,2132,454,42,9,9,0,400,13143,18264,
36,54,58,28,43,53,4695,1548,313,22,3,3,0,400,13120,18245,
44,71,77,32,50,63,6360,1957,378,38,6,3,0,400,13186,18272,
30,42,45,26,37,45,4122,1316,226,8,3,3,0,400,13164,18240,
22,27,28,21,27,28,2904,908,130,3,1,1,0,400,13085,18158,
25,39,44,23,35,44,3228,1035,226,25,4,4,0,400,13088,18157,
29,46,47,25,39,46,4122,1260,254,13,2,2,0,400,13100,18158,
31,44,46,26,38,45,4293,1344,246,2,2,2,0,400,13098,18142,
24,34,37,22,32,37,3369,1083,174,12,3,1,0,400,13092,18130,
15,18,19,15,18,19,2076,626,98,3,0,0,0,400,13144,18164,
13,19,20,13,19,20,2025,615,100,6,1,1,0,400,12966,18026,
19,22,26,19,22,26,2373,773,110,4,4,4,0,400,13079,18082,
29,47,52,25,39,49,4104,1327,249,30,6,4,0,400,13046,18077,
53,87,101,35,57,73,7179,2293,490,60,15,14,106,637,12860,17929,
45,68,73,32,48,61,6381,1964,349,34,4,4,64,548,12937,17981,
57,90,98,37,59,72,7935,2462,474,46,7,5,0,400,12974,18018,
68,110,128,45,73,85,9351,2958,635,84,17,15,0,400,12974,18001,
104,153,165,68,101,109,13893,4419,828,61,14,11,0,400,13010,18021,
90,140,154,59,93,102,12189,3895,785,86,10,9,0,400,12972,17987,
144,220,266,95,146,177,19017,6168,1271,160,60,46,0,400,13105,18090,
93,140,153,61,93,101,12687,4022,788,62,12,10,0,400,12914,18017,
179,271,311,119,180,207,23880,7697,1583,194,45,31,0,400,13014,18074,
138,209,240,91,138,159,18309,5906,1195,148,35,20,0,400,13062,18111,
117,170,192,77,113,127,14937,4901,978,86,23,19,0,400,13087,18135,
112,171,194,74,113,129,14892,4751,1020,86,24,19,0,400,13061,18125,
99,149,165,65,98,109,13266,4258,889,60,14,11,0,400,13071,18153,
120,186,213,79,123,141,16353,5221,1050,116,34,31,0,400,13169,18196,
137,212,249,91,141,165,18111,5952,1225,164,44,33,0,400,13124,18141,
86,127,143,57,84,95,11448,3620,692,70,17,9,0,400,13102,18129,
65,95,103,42,62,73,9006,2823,490,30,9,7,0,400,13189,18194,
64,93,102,42,61,73,8829,2760,465,33,11,11,0,400,13174,18199,
49,76,83,34,52,66,6891,2180,394,34,9,3,0,400,13162,18191,
75,118,123,49,78,81,10041,3190,615,63,6,3,12,417,13135,18170,
66,98,107,43,65,75,8952,2851,513,42,9,8,0,400,13152,18180,
64,106,117,42,70,78,8577,2725,647,63,12,8,0,400,13131,18164,
91,152,187,60,101,124,12465,4012,898,130,39,33,0,400,13058,18114,
93,153,185,61,101,123,12369,3976,945,140,31,28,42,556,12946,18063,
174,273,310,115,181,206,23937,7668,1713,174,49,24,0,400,13007,18068,
183,281,318,121,187,211,24744,7933,1672,201,48,31,0,400,13072,18091,
184,276,320,122,183,213,24573,7911,1724,172,60,40,0,400,13054,18086,
172,260,296,114,173,197,23115,7437,1558,146,47,39,0,400,12984,18045,
187,286,330,124,190,219,25176,8114,1783,204,49,45,0,400,12986,18030,
190,304,344,126,202,228,26121,8381,1859,234,51,38,0,400,12998,18042,
192,274,301,127,182,200,25500,8171,1613,126,30,22,0,400,13003,18042,
142,212,225,94,141,149,19089,6126,1207,92,14,9,0,400,12966,17998,
147,228,261,97,151,174,19497,6320,1300,142,44,32,0,400,12930,17994,
121,183,207,80,121,137,16113,5197,1031,110,28,14,0,400,12865,17909,
136,213,250,90,141,166,18030,5871,1267,148,44,36,0,400,12888,17932,
130,205,233,86,136,155,17484,5624,1202,134,36,30,0,400,12891,17923,
164,254,303,109,169,201,22464,7225,1564,182,64,50,0,400,12963,17965,
98,145,163,65,96,108,13050,4190,826,64,20,14,0,400,12968,17967,
102,159,179,67,105,119,13656,4368,889,104,20,16,0,400,12946,17940,
99,151,166,65,100,110,13128,4186,825,84,16,16,0,400,12890,17912,
82,123,140,54,81,93,10881,3499,666,70,17,14,0,400,13001,17978,
86,121,139,57,80,92,11370,3613,641,48,18,17,0,400,12923,17943,
110,155,173,73,103,115,14367,4598,809,71,18,16,0,400,13009,18003,
89,130,148,59,86,98,11739,3769,738,72,18,13,0,400,12936,17997,
159,223,238,105,148,158,21141,6799,1180,91,19,18,0,400,12674,17836,
111,171,196,73,113,130,15138,4783,901,126,27,20,0,400,12881,17954,
96,143,153,63,95,101,12588,4051,753,66,10,8,0,400,13005,18033,
96,147,162,63,97,107,13035,4115,792,84,17,12,0,400,12955,18012,
101,155,177,66,102,117,13536,4361,910,100,24,18,0,400,12896,17981,
123,185,209,81,123,139,16302,5232,1061,110,25,21,0,400,12934,18011,
100,152,167,66,100,110,13464,4371,827,84,16,13,35,429,12922,17977,
100,145,156,66,96,103,13263,4205,748,64,8,8,0,400,12933,18023,
91,132,150,60,87,99,12138,3882,681,72,17,17,0,400,13080,18095,
90,130,140,59,86,93,11637,3746,682,60,10,7,0,400,13023,18050,
90,133,141,59,88,93,11817,3786,748,54,8,7,143,784,12712,17827,
117,182,205,77,121,136,15411,4980,1059,110,24,20,0,400,12834,17915,
144,223,249,95,148,165,19338,6209,1248,140,33,23,0,400,12961,18041,
119,178,186,79,118,123,15690,5039,963,80,7,3,0,400,12954,18040,
80,122,138,53,81,91,10731,3412,632,68,17,17,0,400,13012,18088,
83,115,123,54,76,81,10827,3475,608,42,9,6,0,400,13031,18120,
143,208,232,95,138,154,18810,6060,1226,108,29,12,6,400,13071,18118,
85,120,140,56,79,93,11079,3557,651,68,20,16,7,400,13083,18120,
81,110,115,53,73,78,10494,3385,600,23,5,4,0,400,13116,18147,
80,122,134,52,80,88,10524,3441,674,60,14,10,0,400,13112,18154,
74,107,111,49,71,77,9435,3057,559,39,3,3,0,400,13141,18161,
82,116,137,54,76,90,10878,3492,593,52,26,22,0,400,13202,18222,
80,116,121,53,77,80,10434,3313,589,45,6,4,0,400,13230,18215,
96,150,159,63,99,105,12861,4090,855,84,10,8,0,400,13112,18159,
55,80,85,36,53,65,7311,2332,466,30,6,3,36,436,13080,18116,
75,104,111,49,69,77,9825,3121,543,27,6,4,0,400,13181,18169,
88,115,124,58,76,82,11328,3643,540,32,11,5,0,400,13299,18276,
65,97,106,43,64,75,8556,2698,497,46,10,4,0,400,13329,18292,
43,62,67,31,46,57,5784,1826,366,18,4,1,0,400,13433,18362,
32,42,44,26,37,44,4170,1335,204,10,1,1,0,400,13472,18394,
21,27,28,20,27,28,2916,907,124,2,1,0,0,400,13508,18425,
18,25,30,18,25,30,2484,770,144,12,4,4,0,400,13606,18492,
11,16,16,11,16,16,1677,503,82,5,0,0,0,400,13590,18480,
9,10,10,9,10,10,1236,384,29,0,0,0,0,400,13630,18528,
5,6,6,5,6,6,867,264,23,0,0,0,0,400,13755,18617,
5,6,7,5,6,7,858,250,27,1,0,0,0,400,13687,18577,
5,5,5,5,5,5,750,226,16,0,0,0,0,400,13764,18640,
3,4,5,3,4,5,807,228,14,1,1,1,0,400,13584,18523,
7,8,8,7,8,8,966,316,37,0,0,0,0,400,13612,18514,
6,7,8,6,7,8,945,299,38,1,1,1,0,400,13568,18484,
10,14,14,10,14,14,1485,481,68,3,0,0,0,400,13614,18509,
5,7,10,5,7,10,939,257,48,6,3,2,0,400,13603,18498,
5,8,9,5,8,9,849,265,51,3,1,0,58,452,13573,18427,
10,11,11,10,11,11,1296,412,44,0,0,0,56,473,13556,18414,
4,5,7,4,5,7,723,228,25,2,1,1,0,400,13563,18426,
6,6,8,6,6,8,810,266,25,2,2,2,0,400,13555,18421,
3,5,7,3,5,7,606,200,22,5,2,2,0,400,13567,18428,
4,5,7,4,5,7,660,206,23,4,2,2,0,400,13568,18430,
4,4,5,4,4,5,636,196,29,1,1,1,0,400,13553,18426,
2,3,3,2,3,3,642,184,16,1,0,0,0,400,13562,18394,
3,4,4,3,4,4,594,188,13,0,0,0,0,400,13571,18430,
3,4,4,3,4,4,582,190,8,0,0,0,0,400,13575,18411,
1,2,2,1,2,2,342,112,5,0,0,0,0,400,13584,18416,
2,2,2,2,2,2,612,186,8,0,0,0,0,400,13540,18382,
3,3,4,3,3,4,546,162,11,1,0,0,0,400,13375,18214,
3,4,5,3,4,5,666,218,22,1,1,1,53,559,13251,18133,
0,0,0,0,0,0,21,7,1,0,0,0,0,400,14250,19258,
0,0,0,0,0,0,45,15,0,0,0,0,0,400,14081,19193,
0,1,1,0,1,1,141,46,6,1,0,0,0,400,13985,19138,
0,0,0,0,0,0,48,14,1,0,0,0,0,400,14235,19292,
