0,2,2,0,2,2,0,0,0,0,0,0,0,400,8689,14553,
0,0,1,0,0,1,87,27,1,1,1,1,0,400,13638,18077,
0,0,0,0,0,0,63,21,1,0,0,0,0,400,13709,18170,
0,0,0,0,0,0,60,18,0,0,0,0,0,400,13868,18504,
0,0,0,0,0,0,33,8,0,0,0,0,0,400,13918,18667,
0,0,0,0,0,0,90,29,1,0,0,0,0,400,14067,18863,
0,0,0,0,0,0,60,17,2,0,0,0,0,400,14067,18913,
0,0,0,0,0,0,54,16,3,0,0,0,0,400,14074,18982,
0,2,2,0,2,2,0,0,0,0,0,0,0,400,9372,14554,
2,3,3,2,3,3,447,141,9,0,0,0,0,400,13047,17430,
0,0,0,0,0,0,231,71,2,0,0,0,0,400,13210,17792,
1,1,1,1,1,1,312,98,2,0,0,0,0,400,13280,17963,
0,0,0,0,0,0,360,114,2,0,0,0,0,400,13310,18058,
0,0,0,0,0,0,294,92,6,0,0,0,0,400,13353,18123,
1,1,1,1,1,1,498,150,3,0,0,0,0,400,13382,18180,
1,2,2,1,2,2,324,102,11,1,0,0,0,400,13417,18224,
1,1,1,1,1,1,336,112,2,0,0,0,0,400,13420,18237,
2,2,3,2,2,3,360,120,6,2,2,2,0,400,13447,18277,
2,2,2,2,2,2,486,152,3,0,0,0,0,400,13455,18291,
1,1,1,1,1,1,303,91,3,0,0,0,0,400,13478,18307,
2,2,2,2,2,2,366,112,2,1,0,0,0,400,13488,18330,
1,1,1,1,1,1,300,96,8,0,0,0,0,400,13497,18338,
0,0,0,0,0,0,306,94,5,0,0,0,0,400,13505,18349,
0,0,1,0,0,1,216,70,4,1,1,1,0,400,13517,18364,
1,2,2,1,2,2,333,104,2,0,0,0,0,400,13518,18362,
0,0,0,0,0,0,366,110,3,0,0,0,0,400,13516,18365,
1,1,1,1,1,1,360,110,4,0,0,0,0,400,13528,18375,
1,1,1,1,1,1,300,92,1,0,0,0,0,400,13543,18399,
1,1,1,1,1,1,336,110,5,0,0,0,0,400,13538,18385,
2,2,2,2,2,2,492,156,3,0,0,0,0,400,13448,18361,
2,2,2,2,2,2,369,115,4,0,0,0,0,400,13367,18338,
0,0,0,0,0,0,363,113,2,0,0,0,0,400,13345,18330,
2,2,2,2,2,2,384,124,1,0,0,0,0,400,13304,18319,
0,0,0,0,0,0,294,92,0,0,0,0,0,400,13249,18304,
0,1,1,0,1,1,324,106,2,0,0,0,0,400,13188,18272,
0,0,0,0,0,0,318,98,0,0,0,0,0,400,13265,18302,
2,2,2,2,2,2,324,108,4,0,0,0,0,400,13265,18310,
2,2,3,2,2,3,390,126,6,1,1,1,0,400,13250,18304,
3,3,3,3,3,3,522,168,5,0,0,0,0,400,13286,18312,
1,1,2,1,1,2,360,112,4,1,1,0,0,400,13314,18328,
1,1,1,1,1,1,402,130,1,0,0,0,0,400,13319,18323,
1,1,1,1,1,1,354,108,5,0,0,0,0,400,13349,18333,
2,2,2,2,2,2,408,122,5,0,0,0,0,400,13327,18342,
1,1,2,1,1,2,300,96,3,1,1,1,0,400,13354,18346,
1,1,1,1,1,1,366,120,9,0,0,0,0,400,13341,18343,
1,1,3,1,1,3,378,116,2,2,2,1,0,400,13350,18350,
1,2,2,1,2,2,360,112,9,2,0,0,0,400,13349,18344,
1,1,1,1,1,1,306,98,3,0,0,0,0,400,13339,18335,
1,2,2,1,2,2,402,118,10,0,0,0,0,400,13357,18343,
1,2,2,1,2,2,330,106,9,1,1,1,0,400,13387,18349,
2,2,2,2,2,2,384,120,9,0,0,0,0,400,13360,18331,
0,0,1,0,0,1,210,62,4,1,1,1,0,400,13386,18334,
2,2,2,2,2,2,396,118,0,0,0,0,0,400,13391,18353,
2,2,2,2,2,2,378,118,10,0,0,0,0,400,13390,18340,
1,1,4,1,1,4,336,106,3,3,3,3,0,400,13395,18339,
2,2,2,2,2,2,366,116,7,0,0,0,0,400,13410,18359,
0,0,0,0,0,0,336,107,2,0,0,0,0,400,13401,18347,
1,1,1,1,1,1,264,86,3,0,0,0,0,400,13430,18358,
1,1,1,1,1,1,294,88,3,0,0,0,0,400,13434,18361,
1,1,1,1,1,1,324,106,3,0,0,0,0,400,13430,18360,
1,1,1,1,1,1,354,116,3,0,0,0,0,400,13415,18357,
1,1,1,1,1,1,354,112,6,0,0,0,0,400,13434,18365,
2,2,2,2,2,2,450,144,12,0,0,0,0,400,13432,18362,
2,2,2,2,2,2,348,114,17,0,0,0,0,400,13441,18360,
3,4,5,3,4,5,618,190,23,1,1,1,0,400,13447,18366,
6,6,6,6,6,6,822,270,20,0,0,0,0,400,13447,18362,
4,5,5,4,5,5,654,208,25,1,0,0,0,400,13438,18366,
5,5,5,5,5,5,738,242,19,0,0,0,0,400,13457,18365,
4,5,6,4,5,6,837,273,15,1,1,1,0,400,13459,18365,
5,6,7,5,6,7,762,240,36,2,1,0,0,400,13461,18364,
4,5,5,4,5,5,675,216,27,1,0,0,0,400,13458,18364,
3,4,5,3,4,5,630,202,20,1,1,1,0,400,13461,18369,
5,6,8,5,6,8,807,259,37,2,2,2,0,400,13461,18372,
5,5,7,5,5,7,771,247,16,2,2,2,0,400,13450,18369,
5,6,9,5,6,9,819,259,39,4,3,2,0,400,13437,18374,
4,5,6,4,5,6,642,202,26,1,1,1,0,400,13417,18367,
4,4,4,4,4,4,750,238,18,0,0,0,0,400,13368,18346,
4,6,6,4,6,6,762,240,26,0,0,0,0,400,13305,18313,
6,6,6,6,6,6,774,244,23,0,0,0,0,400,13238,18276,
5,5,5,5,5,5,744,236,19,0,0,0,0,400,13239,18281,
3,3,4,3,3,4,663,209,23,2,1,0,0,400,13322,18308,
2,3,3,2,3,3,510,160,10,0,0,0,0,400,13418,18383,
4,4,4,4,4,4,732,224,11,0,0,0,0,400,13459,18404,
3,3,4,3,3,4,606,184,9,1,1,1,0,400,13514,18457,
3,3,3,3,3,3,552,178,19,0,0,0,0,400,13541,18465,
3,3,3,3,3,3,576,184,13,0,0,0,0,400,13526,18465,
4,4,4,4,4,4,678,214,6,0,0,0,0,400,13569,18482,
2,2,2,2,2,2,534,162,5,0,0,0,0,400,13576,18493,
4,4,4,4,4,4,693,217,12,0,0,0,0,400,13561,18499,
3,3,3,3,3,3,480,154,13,0,0,0,0,400,13565,18489,
3,3,3,3,3,3,504,160,8,0,0,0,0,400,13582,18496,
3,3,3,3,3,3,582,172,15,0,0,0,0,400,13621,18505,
2,2,3,2,2,3,462,148,6,1,1,1,0,400,13633,18508,
2,2,2,2,2,2,582,186,1,0,0,0,0,400,13650,18531,
1,1,1,1,1,1,336,106,2,0,0,0,0,400,13659,18525,
2,2,2,2,2,2,468,138,6,0,0,0,0,400,13675,18541,
1,1,1,1,1,1,342,106,4,0,0,0,0,400,13679,18531,
2,2,2,2,2,2,468,150,1,0,0,0,0,400,13683,18547,
3,3,3,3,3,3,642,200,6,0,0,0,0,400,13695,18554,
0,1,1,0,1,1,384,116,10,0,0,0,0,400,13689,18538,
1,1,1,1,1,1,462,146,6,0,0,0,0,400,13707,18572,
2,3,3,2,3,3,468,146,5,1,1,0,0,400,13703,18569,
2,3,3,2,3,3,498,156,11,0,0,0,0,400,13701,18561,
1,1,2,1,1,2,348,110,5,1,1,1,0,400,13721,18579,
5,5,6,5,5,6,882,277,13,1,1,1,0,400,13657,18559,
36,47,50,28,40,48,4920,1536,199,14,3,2,0,400,13508,18509,
71,108,120,47,71,80,9465,3035,543,72,12,11,0,400,13400,18443,
63,89,96,41,59,71,8418,2667,429,34,8,5,0,400,13446,18456,
141,198,210,93,131,139,19056,6128,1102,70,15,6,0,400,13520,18486,
172,257,311,114,171,207,23475,7583,1514,190,68,50,0,400,13551,18495,
297,451,495,197,300,329,40479,13156,3174,287,55,50,0,400,13548,18492,
158,242,268,105,161,178,20847,6739,1471,146,27,20,0,400,13559,18488,
207,319,372,137,212,247,28410,9161,2163,210,73,49,0,400,13523,18493,
127,190,207,84,125,137,17103,5470,1126,88,21,17,0,400,13549,18491,
187,300,348,124,199,231,25605,8289,1996,214,60,44,0,400,13601,18521,
154,251,300,102,167,199,21582,6926,1595,226,60,44,0,400,13600,18531,
147,230,270,97,153,179,19941,6423,1418,164,46,38,0,400,13582,18507,
215,345,408,143,229,271,29946,9645,2213,306,86,56,0,400,13527,18494,
244,387,471,162,257,313,34341,11095,2663,344,120,92,0,400,13513,18480,
344,564,704,229,375,469,48978,15952,4456,645,226,180,0,400,13443,18442,
327,549,657,217,365,437,46647,15160,4161,625,170,114,0,400,13438,18428,
358,647,803,238,430,535,54252,17707,5343,743,236,180,0,400,13384,18409,
327,561,667,217,373,444,47376,15376,4248,613,166,134,0,400,13386,18399,
347,583,698,230,388,464,49407,16024,4573,663,180,134,0,400,13411,18405,
280,448,518,186,298,345,39300,12722,3104,392,102,80,0,400,13393,18374,
295,464,559,196,309,372,41466,13439,3383,472,142,98,0,400,13375,18358,
261,414,510,173,276,339,36270,11682,2921,366,136,110,0,400,13398,18356,
226,357,419,150,237,279,31194,10040,2330,300,89,61,0,400,13456,18379,
148,228,275,98,151,183,19713,6348,1370,180,54,46,0,400,13489,18399,
163,247,290,108,164,193,21975,7077,1490,180,50,37,0,400,13514,18414,
113,164,181,75,109,120,14871,4807,898,65,19,15,0,400,13529,18417,
104,159,174,69,105,115,14016,4534,864,84,14,10,0,400,13556,18441,
74,110,129,49,73,85,9978,3186,574,70,20,15,0,400,13573,18451,
73,117,131,48,77,87,10053,3190,676,64,14,11,0,400,13550,18437,
75,116,131,49,77,87,10242,3252,642,75,15,11,0,400,13518,18441,
75,107,127,49,71,84,9789,3144,571,64,21,16,0,400,13501,18428,
52,81,88,35,53,67,6972,2227,426,48,7,4,0,400,13528,18432,
45,62,71,32,46,60,6051,1917,319,24,8,8,0,400,13566,18444,
32,46,49,27,39,47,4233,1350,272,14,2,2,0,400,13608,18471,
36,47,53,28,40,50,4620,1454,236,23,5,4,0,400,13474,18369,
33,50,54,27,41,50,4308,1373,266,26,5,5,0,400,13480,18354,
31,41,42,26,36,42,3915,1263,215,10,1,1,0,400,13462,18363,
41,56,60,31,44,54,5397,1683,280,18,4,4,0,400,13485,18383,
64,89,95,42,59,71,8361,2688,490,35,6,3,0,400,13514,18394,
33,44,50,27,38,48,4284,1362,236,11,6,6,0,400,13559,18419,
32,46,47,27,39,46,4290,1359,208,15,1,1,0,400,13544,18387,
25,34,39,22,32,39,3525,1126,168,11,6,5,0,400,13370,18249,
30,44,50,26,38,48,4128,1317,216,22,5,5,0,400,13338,18254,
41,59,75,31,45,62,5514,1775,332,37,18,11,0,400,13366,18294,
53,73,84,34,50,65,7008,2245,398,27,10,9,0,400,13428,18350,
61,86,94,40,57,70,7842,2515,438,34,10,6,0,400,13464,18373,
63,91,95,41,60,71,8277,2670,487,26,3,1,0,400,13466,18370,
42,64,67,30,47,57,6084,1948,361,17,3,1,0,400,13562,18434,
34,46,48,28,39,47,4449,1411,230,10,2,1,0,400,13617,18465,
32,42,43,27,37,43,4143,1324,198,3,2,0,0,400,13615,18472,
30,44,47,26,38,46,4074,1295,220,18,3,3,0,400,13621,18490,
30,46,54,25,39,50,4314,1359,251,28,8,8,0,400,13645,18495,
26,34,37,23,32,37,3546,1105,192,4,2,2,0,400,13697,18542,
31,43,49,26,38,47,4239,1350,256,11,5,3,0,400,13562,18448,
42,58,63,31,45,56,5421,1730,304,21,5,3,0,400,13576,18436,
41,59,63,31,45,56,5346,1723,333,16,4,4,0,400,13595,18449,
42,62,71,31,46,60,5511,1771,339,33,10,7,0,400,13652,18499,
39,55,56,30,44,52,5082,1635,275,19,1,1,0,400,13640,18488,
37,50,54,29,41,50,4764,1514,302,9,5,3,0,400,13652,18501,
40,56,61,30,44,55,5307,1694,287,15,6,4,0,400,13575,18457,
43,59,62,31,45,55,5628,1796,292,20,3,1,0,400,13622,18488,
36,53,55,28,43,51,4803,1522,296,18,1,1,0,400,13612,18482,
49,75,78,34,51,63,6507,2094,403,29,4,2,0,400,13581,18470,
46,65,66,33,48,57,6240,1996,350,8,1,1,0,400,13576,18475,
59,80,82,39,53,65,7713,2466,410,16,2,1,0,400,13577,18473,
47,67,71,33,48,60,6153,1976,363,21,4,2,0,400,13612,18492,
43,67,73,31,48,61,5835,1859,351,29,6,6,0,400,13619,18496,
53,75,78,35,51,63,6819,2201,403,21,2,1,0,400,13520,18449,
55,77,83,36,52,66,7074,2280,388,23,7,6,0,400,13431,18394,
71,103,106,47,68,75,9450,3002,509,29,3,2,0,400,13295,18333,
72,102,109,47,67,75,9732,3103,542,36,9,4,0,400,13202,18274,
58,82,88,38,54,67,7815,2498,436,22,6,4,0,400,13121,18223,
49,67,71,34,48,60,6450,2075,324,19,2,2,0,400,13118,18221,
41,60,62,30,45,55,5604,1789,326,20,2,1,0,400,13148,18223,
37,53,54,28,42,50,5052,1625,271,13,1,1,0,400,13133,18216,
42,54,59,31,43,53,5424,1733,264,13,5,4,0,400,13149,18220,
35,45,49,28,39,47,4599,1460,230,6,4,4,0,400,13151,18215,
27,33,38,24,32,38,3549,1114,158,6,5,5,0,400,13174,18207,
26,37,37,23,34,37,3378,1088,195,9,1,1,0,400,13187,18204,
28,34,35,24,32,35,3645,1140,180,2,2,1,0,400,13188,18203,
33,45,46,27,39,45,4158,1339,240,16,0,0,0,400,13171,18189,
30,43,44,25,37,44,4212,1345,226,8,1,1,0,400,13177,18185,
27,38,40,24,35,40,3612,1148,188,15,2,2,0,400,13169,18186,
28,35,43,24,33,43,3636,1158,186,13,9,7,0,400,13185,18180,
31,45,47,26,39,46,4230,1355,246,11,3,3,0,400,13189,18181,
25,39,43,22,35,43,3513,1126,226,11,5,4,0,400,13199,18178,
30,37,38,26,34,38,3828,1216,200,1,0,0,0,400,13215,18198,
24,32,35,22,31,35,3342,1065,184,9,4,2,0,400,13218,18194,
21,28,29,20,28,29,2931,932,152,3,1,0,0,400,13240,18197,
23,30,32,22,30,32,3021,956,154,9,2,2,0,400,13235,18189,
23,31,32,22,30,32,3018,954,168,4,1,1,0,400,13247,18196,
24,30,34,22,30,34,3186,1009,158,9,3,3,0,400,13268,18211,
23,31,33,21,30,33,3123,1011,150,10,3,3,0,400,13261,18214,
17,22,25,17,22,25,2481,773,112,4,3,2,0,400,13244,18203,
16,22,27,16,22,27,2337,739,106,10,6,6,0,400,13239,18209,
16,19,19,16,19,19,2055,667,87,0,0,0,0,400,13219,18201,
19,23,24,19,23,24,2490,793,118,2,2,2,0,400,13195,18169,
14,18,18,14,18,18,2049,637,92,2,0,0,0,400,13205,18175,
15,25,28,15,25,28,2412,768,166,10,4,1,0,400,13226,18188,
15,19,20,15,19,20,2037,657,104,1,1,0,0,400,13238,18195,
12,15,18,12,15,18,1680,540,89,3,3,3,0,400,13232,18201,
14,17,19,14,17,19,1938,630,72,4,2,2,0,400,13226,18186,
12,14,16,12,14,16,1647,520,71,2,2,1,0,400,13210,18179,
12,17,19,12,17,19,1680,540,100,7,2,2,0,400,13222,18180,
14,20,21,14,20,21,2004,653,90,8,1,1,0,400,13223,18186,
17,21,24,17,21,24,2250,724,116,5,2,1,0,400,13238,18191,
33,49,50,27,41,48,4476,1432,262,9,1,0,0,400,13250,18201,
62,96,103,41,63,74,8199,2653,552,52,5,5,0,400,13264,18205,
54,77,83,35,52,66,7017,2238,399,30,6,5,0,400,13272,18204,
54,78,88,35,52,68,7056,2256,421,25,10,8,0,400,13278,18211,
60,88,104,39,58,74,8109,2585,467,48,19,14,0,400,13295,18200,
64,86,93,42,57,70,8238,2634,443,22,5,4,0,400,13302,18224,
46,68,73,33,49,61,6066,1935,353,33,6,4,0,400,13310,18220,
32,50,55,27,41,51,4155,1327,289,23,5,5,0,400,13300,18212,
31,37,38,26,34,38,4137,1296,164,2,1,1,0,400,13301,18218,
29,38,40,25,34,40,3858,1236,174,6,1,1,0,400,13292,18206,
23,32,33,22,31,33,3150,1002,148,9,1,1,0,400,13288,18204,
27,39,42,24,35,42,3564,1149,212,16,4,2,0,400,13293,18202,
31,44,46,26,38,45,4197,1326,242,10,2,2,0,400,13284,18185,
31,49,50,26,41,48,4116,1315,279,22,2,2,0,400,13260,18168,
27,39,41,24,35,41,3708,1167,206,13,1,1,0,400,13170,18143,
20,31,35,19,30,35,2859,933,168,18,2,2,0,400,13163,18147,
23,31,34,22,30,34,2970,950,166,8,3,2,0,400,13208,18166,
46,75,81,33,51,65,6132,1993,432,28,7,5,0,400,13210,18161,
35,50,53,28,41,50,4605,1475,279,12,2,1,0,400,13265,18185,
34,52,55,27,42,51,4701,1499,307,19,4,1,0,400,13264,18189,
34,52,53,28,42,50,4530,1454,282,18,1,1,0,400,13265,18187,
35,49,56,27,40,51,4710,1504,266,20,6,6,0,400,13263,18178,
34,48,50,28,40,48,4443,1405,263,11,2,2,0,400,13258,18198,
32,48,51,27,40,49,4293,1395,286,12,4,2,0,400,13267,18204,
35,53,58,28,43,53,4674,1496,292,25,4,2,0,400,13240,18191,
31,42,44,26,37,44,4122,1309,232,5,2,1,0,400,13219,18188,
30,42,46,25,37,45,3993,1265,257,11,4,4,0,400,13210,18177,
34,50,50,28,41,48,4449,1414,292,14,0,0,0,400,13203,18164,
32,50,52,26,41,49,4434,1436,306,12,1,0,0,400,13196,18160,
27,38,44,23,34,44,3579,1160,224,15,7,6,0,400,13205,18172,
25,41,44,23,36,44,3537,1121,220,25,3,3,0,400,13213,18171,
25,38,39,23,35,39,3363,1079,212,9,0,0,0,400,13231,18164,
25,36,38,23,33,38,3429,1106,194,6,2,2,0,400,13229,18166,
25,38,39,22,34,39,3609,1151,222,8,1,0,0,400,13241,18181,
32,43,47,27,38,46,4215,1353,258,8,5,3,0,400,13233,18175,
35,51,55,28,42,51,4761,1515,284,15,4,4,0,400,13230,18179,
37,51,57,28,41,52,5046,1593,273,19,8,5,0,400,13213,18163,
43,65,68,31,48,58,5742,1840,353,23,3,3,0,400,13204,18168,
43,63,64,31,47,56,5514,1787,325,21,1,1,0,400,13213,18165,
34,53,56,28,43,52,4515,1474,306,26,3,3,0,400,13218,18155,
38,61,65,29,46,57,5112,1649,348,25,3,1,0,400,13223,18152,
36,52,54,28,42,50,4803,1540,269,18,2,1,0,400,13193,18138,
34,48,49,28,40,47,4488,1441,254,10,2,1,0,400,13199,18131,
28,35,39,24,33,39,3543,1127,196,5,4,4,0,400,13205,18138,
24,31,31,22,30,31,3198,1010,158,2,0,0,0,400,13194,18131,
25,34,38,23,32,38,3282,1043,180,11,5,5,0,400,13178,18115,
23,28,29,22,28,29,3075,976,118,1,1,1,0,400,13176,18112,
19,25,28,19,25,28,2586,815,119,7,3,2,0,400,13183,18118,
20,29,30,20,29,30,2688,863,138,11,1,1,0,400,13170,18102,
21,29,30,20,29,30,2928,950,150,3,1,1,0,400,13153,18093,
21,28,31,20,28,31,2931,943,138,4,3,3,0,400,13127,18089,
19,23,28,19,23,28,2415,778,156,6,5,2,0,412,13077,18050,
19,24,26,19,24,26,2685,855,118,4,2,2,0,400,13095,18047,
18,26,26,18,26,26,2529,820,144,3,0,0,0,400,13095,18050,
19,31,33,19,30,33,2808,894,184,13,2,1,0,400,13102,18052,
18,24,26,18,24,26,2472,795,124,3,2,2,0,424,13075,18035,
18,27,29,18,27,29,2610,828,152,12,3,3,0,483,13024,18001,
28,43,47,24,37,46,3840,1225,267,17,3,2,0,469,13037,18005,
43,67,79,31,48,64,5730,1824,369,48,12,12,0,497,13013,17990,
47,75,90,32,51,68,6555,2105,470,42,17,11,0,528,12990,17970,
38,58,68,29,45,58,5001,1595,343,33,10,5,0,502,13016,17975,
44,68,81,32,49,65,5739,1837,382,44,16,13,0,486,13024,17979,
28,45,53,24,39,50,3849,1216,282,23,8,8,0,444,13066,17991,
32,46,53,27,39,50,4395,1380,246,20,7,5,0,546,12974,17936,
35,56,58,28,44,53,4737,1508,325,21,2,1,0,546,12974,17945,
30,43,47,26,38,46,3897,1240,245,12,5,2,0,410,13079,17993,
31,45,48,26,39,47,4092,1317,245,14,2,2,0,400,13101,18012,
24,35,37,22,33,37,3258,1039,216,9,2,1,0,400,13129,18021,
29,43,49,25,38,47,4014,1265,256,16,5,5,0,400,13128,18030,
39,61,67,29,45,57,5385,1734,359,29,7,5,0,400,13141,18044,
43,74,81,31,51,65,5925,1883,410,44,7,5,0,400,13121,18039,
36,57,61,28,44,55,4956,1586,382,18,5,3,0,400,13126,18042,
36,60,62,28,46,55,4899,1590,344,27,1,1,0,400,13117,18031,
32,50,55,27,41,51,4311,1383,296,25,5,3,0,400,13086,18026,
31,51,56,26,41,51,4350,1394,314,25,3,2,0,400,13128,18038,
28,45,54,24,38,50,4017,1273,274,26,9,9,0,400,13126,18039,
24,40,43,22,35,43,3366,1080,237,23,3,3,0,400,13123,18029,
25,37,47,23,34,46,3417,1095,200,19,11,9,0,400,13148,18059,
29,39,44,25,35,44,3663,1197,212,13,6,3,0,400,13139,18043,
25,35,37,23,33,37,3255,1045,184,9,3,2,0,400,13142,18054,
25,33,35,23,32,35,3225,1029,174,4,2,2,0,400,13152,18064,
21,31,34,20,30,34,2952,948,182,8,3,1,0,400,13157,18067,
23,32,36,22,31,36,3015,964,172,10,4,4,0,400,13128,18049,
20,29,31,20,29,31,2715,870,162,10,2,1,0,400,13156,18061,
35,54,60,28,43,54,4614,1477,309,30,7,6,0,400,13117,18039,
40,64,71,30,47,60,5565,1765,352,35,7,4,0,400,13132,18045,
34,54,63,28,43,56,4614,1495,355,28,8,7,0,401,13091,18019,
38,57,69,29,44,59,5166,1648,319,31,12,10,0,429,13064,17996,
38,60,69,29,46,59,5313,1682,339,32,9,7,0,405,13084,18009,
27,44,49,24,38,47,3756,1185,245,30,6,5,0,400,13152,18048,
29,47,52,25,40,49,3897,1238,278,34,5,4,0,400,13180,18070,
25,42,51,22,37,48,3588,1164,223,33,10,10,0,400,13165,18073,
25,38,41,23,35,41,3492,1104,216,16,4,2,0,400,13135,18050,
25,39,44,23,35,44,3468,1118,248,15,6,2,0,400,13096,18029,
21,32,35,20,31,35,2958,946,214,6,4,3,0,400,13120,18039,
17,27,28,17,27,28,2523,802,158,8,2,2,0,400,13129,18054,
23,31,34,22,30,34,2994,966,164,7,3,2,0,446,13058,17996,
22,32,39,21,31,39,3117,1006,194,16,6,6,0,453,13052,17992,
35,52,60,28,42,54,4560,1465,304,20,8,6,0,470,13033,17980,
40,63,66,30,47,57,5322,1694,346,36,3,2,0,631,12915,17905,
32,47,50,27,40,48,4350,1416,263,12,3,3,0,440,13055,17975,
29,40,53,25,36,50,3795,1202,216,24,14,12,0,450,13049,17971,
24,34,42,22,32,42,3339,1068,196,11,8,8,0,432,13061,17977,
24,34,37,22,32,37,3105,1002,196,11,3,2,0,428,13071,17992,
20,28,32,20,28,32,2826,898,138,11,4,4,0,516,12995,17943,
17,23,29,17,23,29,2340,754,110,8,7,6,0,495,13017,17948,
17,24,30,17,24,30,2316,746,148,12,7,7,0,522,12990,17938,
17,24,26,17,24,26,2499,803,146,3,2,2,0,536,12988,17932,
18,25,26,18,25,26,2379,772,124,7,2,1,0,504,13015,17953,
14,20,24,14,20,24,1956,630,114,6,5,4,0,480,13025,17954,
13,17,21,13,17,21,1770,565,110,6,4,4,0,501,13012,17951,
13,18,20,13,18,20,1761,567,110,8,1,1,0,528,12988,17937,
16,20,22,16,20,22,2145,687,86,4,2,2,0,545,12979,17923,
17,24,25,17,24,25,2322,734,114,10,1,1,0,547,12982,17916,
14,19,25,14,19,25,2127,677,114,8,6,4,0,606,12933,17882,
16,26,27,16,26,27,2340,747,152,7,1,1,10,708,12850,17830,
24,38,42,22,34,42,3360,1080,188,26,3,3,16,718,12850,17828,
75,115,127,50,76,84,9813,3162,620,60,10,10,39,745,12820,17801,
63,92,103,41,61,74,8178,2631,502,46,12,9,23,704,12860,17815,
50,76,81,34,52,65,6786,2189,369,28,5,4,30,730,12840,17802,
41,56,59,30,43,53,5382,1726,319,11,2,1,115,1134,12636,17688,
38,53,59,29,42,53,5022,1602,274,17,7,6,141,1265,12599,17647,
32,50,51,27,41,49,4419,1425,264,15,2,1,136,1198,12615,17649,
36,51,55,28,42,51,4944,1575,240,20,5,2,119,1123,12650,17668,
36,57,64,28,44,56,4902,1578,314,32,8,6,103,966,12707,17694,
37,56,63,29,44,56,5067,1622,326,22,7,5,110,1009,12680,17692,
38,56,60,29,43,54,5160,1661,287,23,4,4,105,968,12696,17702,
27,40,44,23,35,44,3810,1198,208,22,3,2,84,840,12758,17731,
31,42,44,26,37,44,4173,1341,238,4,3,2,84,845,12747,17719,
31,42,48,26,37,46,4182,1324,239,9,6,5,80,846,12745,17731,
34,54,63,28,43,56,4788,1538,290,28,7,7,77,819,12765,17736,
65,98,117,43,65,79,8742,2794,549,56,22,18,71,787,12788,17748,
90,131,157,59,87,104,11769,3794,733,74,29,20,52,768,12810,17771,
71,110,123,46,72,81,9822,3142,569,64,15,12,49,746,12820,17776,
67,96,109,44,63,75,8928,2844,507,54,12,10,52,764,12811,17769,
57,80,90,37,53,69,7590,2421,409,33,11,6,132,1275,12591,17651,
52,76,84,34,51,66,7077,2266,397,31,7,7,91,863,12737,17713,
58,88,94,38,58,70,7881,2538,467,40,6,6,68,798,12783,17752,
44,59,63,32,45,56,5826,1849,314,15,3,1,66,810,12770,17753,
48,68,70,33,49,60,6477,2076,340,12,2,1,62,900,12723,17759,
49,71,76,33,49,62,6447,2078,392,30,4,2,70,1057,12667,17756,
45,68,72,32,49,61,6021,1939,377,27,5,5,63,1097,12650,17747,
45,72,75,32,50,62,6009,1928,394,38,3,3,82,1093,12650,17730,
43,62,68,31,46,58,5895,1875,332,17,6,6,80,1136,12641,17728,
37,55,56,29,44,52,4758,1514,307,24,1,1,80,1212,12613,17721,
36,53,56,28,42,51,4908,1584,277,19,3,2,110,1371,12553,17682,
34,47,56,28,40,52,4536,1451,253,22,10,8,160,1590,12480,17618,
50,77,81,33,51,64,6834,2193,439,30,2,2,165,1567,12488,17597,
67,99,110,44,65,76,8781,2827,499,54,11,7,171,1551,12488,17590,
65,101,109,43,67,76,8697,2778,557,48,9,8,194,1687,12440,17547,
55,81,92,36,53,70,7518,2389,452,44,10,9,226,1823,12402,17500,
57,89,104,37,58,74,7902,2523,490,58,14,11,215,1727,12439,17526,
49,69,77,34,49,63,6561,2114,362,20,9,9,214,1687,12449,17521,
51,70,79,34,49,63,6864,2194,351,22,8,5,218,1713,12446,17518,
60,83,88,39,55,68,7848,2497,412,27,5,5,204,1617,12468,17541,
44,61,71,31,45,60,5892,1896,301,28,11,8,198,1574,12491,17561,
48,67,78,33,48,63,6402,2063,328,29,11,10,196,1514,12499,17554,
62,94,102,41,62,73,8415,2671,543,34,8,4,427,3203,12155,17335,
85,128,152,56,85,101,11361,3646,750,82,25,19,775,5169,11866,17107,
89,133,145,58,88,96,11952,3810,734,68,14,8,1012,6663,11773,17005,
71,101,114,47,67,78,9255,2970,574,37,14,13,997,5678,11832,17001,
69,100,109,46,65,75,9498,3042,546,42,11,7,954,4884,11885,17029,
62,90,108,41,59,76,8352,2658,469,56,18,15,1026,5499,11852,16995,
72,100,105,48,66,75,9102,2921,538,25,6,5,1246,7763,11696,16898,
72,102,116,47,67,78,9438,3016,526,47,17,10,1287,7456,11717,16874,
76,104,111,50,69,77,9792,3128,554,32,4,4,1295,7311,11725,16876,
67,100,109,44,66,76,8904,2884,535,46,11,5,1168,5661,11836,16929,
73,105,118,48,69,78,9750,3130,601,41,14,13,1312,7433,11724,16869,
74,105,120,49,69,80,9612,3100,564,51,16,12,1379,7508,11721,16844,
84,117,125,55,77,83,10707,3471,623,46,10,2,1510,8035,11679,16819,
74,98,102,49,65,73,9399,3022,492,13,4,2,1336,6831,11768,16862,
64,89,97,42,59,72,8340,2673,457,36,8,7,1274,5794,11826,16896,
66,95,103,43,63,74,8697,2777,489,30,8,7,1277,6107,11812,16881,
61,87,93,40,57,70,7878,2521,496,26,5,5,1466,7201,11739,16838,
61,84,87,40,55,67,7905,2533,441,18,3,3,1411,7028,11750,16838,
56,76,81,37,52,65,7407,2372,424,15,7,2,1422,6842,11765,16835,
61,86,90,40,57,69,8073,2576,420,28,4,4,1311,6037,11812,16861,
64,90,96,42,59,71,8055,2591,433,26,8,4,1277,5360,11858,16887,
67,96,106,44,63,75,8715,2811,530,50,11,7,1198,4756,11912,16920,
70,99,115,46,65,78,9216,2936,550,54,14,9,1114,4442,11957,16946,
71,101,116,47,67,78,9357,2981,541,41,16,14,1057,4067,12018,16988,
64,93,114,42,61,78,8562,2734,443,63,23,17,938,3618,12080,17036,
67,100,111,44,66,77,8913,2843,541,55,11,6,913,3502,12108,17058,
50,76,82,34,51,66,6894,2228,384,30,6,3,820,3208,12148,17091,
49,80,91,34,53,70,6729,2148,378,55,10,10,677,2514,12249,17159,
46,71,79,33,50,64,6390,2027,356,43,9,4,592,2126,12306,17185,
41,52,63,31,42,56,5328,1702,255,17,12,9,556,1984,12343,17216,
40,59,65,30,46,57,5223,1679,287,21,7,7,519,1891,12382,17247,
35,49,50,27,40,48,4926,1567,257,10,2,1,484,1761,12418,17276,
30,45,48,26,39,47,4137,1322,250,18,4,2,446,1670,12448,17303,
32,48,52,27,40,49,4434,1420,237,21,6,5,421,1551,12490,17330,
38,53,56,29,43,52,4980,1593,277,16,4,3,377,1424,12539,17367,
43,64,70,31,47,60,5697,1826,328,36,7,3,335,1288,12586,17395,
39,55,59,30,44,53,5190,1659,325,13,2,1,285,1156,12639,17439,
38,53,57,29,43,52,4989,1601,294,18,4,4,289,1199,12619,17448,
39,50,56,30,41,52,5079,1612,258,11,6,5,265,1117,12634,17462,
35,49,55,28,41,51,4572,1472,264,21,6,6,248,1111,12652,17470,
34,49,54,28,41,50,4626,1484,240,20,5,4,237,1023,12677,17496,
31,43,47,26,38,46,4083,1300,214,16,4,3,219,932,12709,17515,
30,42,49,26,37,47,4176,1316,202,16,8,7,214,896,12723,17529,
20,34,37,20,32,37,2949,956,204,17,4,1,181,783,12792,17570,
22,33,39,21,32,39,3006,949,172,21,5,5,152,704,12854,17622,
23,27,33,22,27,33,3006,950,126,7,7,5,130,670,12884,17661,
23,31,34,22,30,34,2913,945,180,8,4,4,126,666,12878,17655,
16,22,24,16,22,24,2193,709,126,5,2,2,111,633,12909,17673,
16,24,28,16,24,28,2358,741,136,14,5,2,113,623,12917,17688,
16,21,22,16,21,22,2232,709,100,1,1,1,92,567,12952,17718,
14,21,25,14,21,25,2022,647,97,11,6,1,82,578,12953,17727,
17,24,26,17,24,26,2439,780,130,7,2,2,84,588,12943,17722,
15,22,24,15,22,24,2091,671,130,6,2,2,83,587,12942,17722,
12,18,20,12,18,20,1869,591,106,4,3,3,84,613,12927,17724,
14,17,20,14,17,20,1836,584,80,7,3,2,80,579,12951,17742,
16,21,24,16,21,24,2160,682,114,7,3,2,47,492,13017,17767,
21,25,28,20,25,28,2820,897,98,4,3,2,68,564,12958,17751,
31,43,46,26,37,45,3999,1289,242,15,3,3,70,590,12951,17748,
39,50,54,30,41,50,5166,1614,242,12,4,4,65,555,12969,17763,
31,43,46,26,37,45,4329,1373,202,13,3,3,22,457,13043,17814,
30,40,43,26,36,43,4047,1285,196,9,2,2,29,492,13018,17810,
26,33,41,23,32,41,3609,1150,168,14,9,3,25,460,13043,17824,
23,30,30,21,29,30,3177,1010,152,2,1,1,24,498,13016,17822,
19,24,27,19,24,27,2775,884,130,5,4,1,10,451,13050,17836,
16,21,22,16,21,22,2331,737,100,2,1,1,0,426,13066,17855,
21,23,23,20,23,23,2610,824,92,0,0,0,0,419,13074,17856,
17,25,25,17,25,25,2541,815,126,6,0,0,0,429,13069,17861,
34,49,49,27,40,47,4692,1499,244,17,0,0,0,423,13066,17862,
21,27,28,20,27,28,2832,916,130,2,1,1,0,400,13115,17899,
31,47,51,26,40,49,4266,1364,220,26,5,4,0,400,13107,17895,
30,40,42,26,36,42,3990,1277,212,7,3,1,0,400,13130,17916,
24,29,31,22,29,31,3069,988,124,4,1,1,0,400,13109,17903,
30,42,45,26,37,45,3978,1281,218,18,4,1,0,400,13154,17931,
26,33,39,23,32,39,3561,1116,158,8,7,3,0,400,13154,17938,
21,32,36,20,31,36,2985,940,198,11,5,4,0,400,13162,17961,
35,49,59,28,41,53,4566,1465,250,32,11,5,0,400,13175,17958,
27,37,42,23,34,42,3594,1147,186,23,3,3,0,400,13195,17983,
23,30,33,22,30,33,3015,957,160,9,5,2,0,400,13168,17975,
20,28,29,20,28,29,2721,863,160,5,2,2,0,400,13186,17987,
16,22,23,16,22,23,2259,721,140,7,1,0,0,400,13210,18005,
16,22,23,16,22,23,2121,680,108,6,2,2,0,400,13207,18005,
18,21,23,18,21,23,2355,757,91,2,2,2,0,400,13189,17998,
16,19,20,16,19,20,2169,671,72,1,1,1,0,400,13198,17999,
14,16,18,14,16,18,1896,594,62,3,2,2,0,400,13209,18009,
15,19,21,15,19,21,2004,639,106,3,2,2,0,400,13212,18020,
16,19,21,16,19,21,2124,679,118,3,2,1,0,400,13197,18010,
14,16,16,14,16,16,1767,567,83,1,0,0,0,400,13198,18024,
12,15,17,12,15,17,1695,540,74,2,2,1,0,400,13194,18020,
13,15,17,13,15,17,1632,529,66,4,2,2,0,400,13206,18029,
11,12,12,11,12,12,1377,441,60,0,0,0,0,400,13199,18022,
9,11,12,9,11,12,1359,422,35,4,1,1,0,400,13206,18029,
9,10,10,9,10,10,1257,408,37,1,0,0,0,400,13216,18038,
10,12,15,10,12,15,1356,438,72,5,4,1,0,400,13217,18047,
147,232,281,97,154,187,19680,6365,1482,192,58,48,0,400,13179,18023,
91,137,153,60,91,101,11877,3808,788,76,16,13,0,400,13186,18019,
45,69,74,32,49,61,6108,1940,400,29,6,5,0,400,13166,18025,
41,59,67,30,45,57,5409,1754,365,23,8,5,0,400,13165,18032,
28,44,49,24,38,47,3801,1234,265,21,7,3,0,400,13170,18026,
34,52,62,28,42,55,4737,1512,307,33,10,7,0,400,13176,18040,
34,50,62,28,41,55,4659,1494,251,26,13,9,0,400,13171,18041,
50,68,73,34,49,61,6579,2109,314,24,5,4,0,400,13177,18030,
40,59,65,30,45,56,5280,1698,316,27,9,3,0,400,13178,18042,
63,100,120,41,66,80,8319,2681,616,58,19,16,0,400,13229,18066,
69,103,119,45,68,79,8925,2886,600,57,19,17,0,400,13243,18085,
52,71,77,35,50,63,6663,2128,368,28,6,4,0,400,13221,18076,
65,95,115,43,63,78,8388,2704,520,54,22,16,0,400,13210,18082,
45,70,80,32,49,63,6171,1984,396,48,10,7,0,400,13186,18071,
54,78,89,35,52,68,7341,2343,423,37,11,8,0,400,13141,18045,
57,82,97,37,54,71,7704,2469,466,44,16,6,0,400,13129,18048,
77,115,129,51,75,85,10386,3337,666,55,17,14,0,400,13091,18025,
64,101,126,42,67,83,8364,2717,618,82,25,22,0,400,13103,18025,
66,100,119,43,66,79,8919,2847,529,62,22,15,0,431,13061,17994,
68,97,110,45,64,76,8991,2872,537,39,14,10,0,487,13021,17978,
79,119,134,52,78,88,10665,3403,645,70,16,11,0,496,13013,17971,
107,157,188,71,104,125,14247,4566,892,94,35,31,0,533,12984,17960,
72,110,122,47,73,81,9558,3070,586,63,11,10,0,581,12949,17932,
93,135,151,61,89,100,12255,3926,700,80,18,14,0,576,12953,17931,
91,130,140,60,86,93,11673,3731,730,54,8,6,0,598,12938,17918,
85,119,137,56,79,91,11184,3560,640,58,20,15,19,669,12881,17880,
75,110,121,50,72,79,10140,3253,568,64,11,8,41,715,12838,17843,
77,110,121,50,72,80,10425,3281,575,48,14,12,63,777,12801,17824,
65,97,117,43,64,79,8784,2808,550,55,22,16,55,729,12839,17831,
98,145,163,65,96,108,13005,4180,830,82,21,12,47,746,12828,17849,
93,133,149,61,88,99,12123,3901,756,65,15,13,39,761,12814,17847,
79,116,126,52,76,83,10713,3424,630,51,12,7,33,746,12823,17854,
70,101,114,46,67,78,9357,2982,560,41,13,9,36,750,12824,17862,
71,106,118,47,70,79,9342,3010,569,64,11,10,40,749,12830,17851,
86,123,139,57,81,92,11481,3664,642,72,18,12,35,736,12830,17851,
103,155,166,68,102,110,13758,4417,853,73,13,9,43,771,12804,17837,
99,141,161,65,93,107,13071,4197,698,78,22,17,52,793,12793,17826,
80,115,120,53,76,80,10605,3405,566,46,4,3,46,770,12800,17838,
95,136,141,63,90,93,12627,4029,703,52,3,3,54,793,12779,17829,
76,110,126,50,73,83,10314,3286,594,48,18,16,57,785,12795,17826,
70,100,111,46,66,77,9387,2965,460,48,12,9,67,812,12771,17804,
75,110,120,49,73,80,10014,3178,561,52,12,10,80,860,12741,17791,
63,91,99,41,60,72,8439,2713,496,34,10,7,94,889,12724,17770,
83,121,140,54,80,92,11163,3575,678,68,23,19,101,976,12691,17754,
67,100,110,44,66,76,9222,2933,519,50,7,7,107,1042,12671,17738,
97,136,149,64,90,99,12816,4095,687,55,12,9,115,1101,12649,17739,
73,98,109,48,65,76,9657,3075,468,35,10,8,112,1015,12679,17734,
72,104,113,47,69,77,9522,3040,515,50,10,7,117,1104,12655,17725,
68,104,110,45,69,76,9231,2926,526,53,6,4,130,1097,12652,17714,
59,91,98,39,60,72,8049,2578,459,43,8,8,134,1168,12635,17707,
83,118,128,55,78,85,11064,3564,600,47,12,10,132,1175,12627,17704,
84,123,141,55,81,93,11160,3545,671,72,19,14,128,1203,12614,17709,
99,150,169,66,99,112,13209,4229,798,92,23,17,140,1233,12604,17692,
92,132,143,61,87,94,11988,3804,672,76,9,7,136,1307,12589,17696,
77,117,134,51,77,89,10539,3366,626,70,21,19,139,1277,12594,17697,
93,136,153,61,90,101,12372,3973,723,74,19,17,165,1386,12557,17672,
101,147,159,67,97,105,13518,4331,768,63,14,9,160,1325,12575,17673,
102,143,156,67,94,103,13395,4285,780,51,16,13,157,1357,12565,17672,
80,115,122,52,76,80,10743,3423,638,32,8,5,156,1342,12567,17664,
90,130,134,59,86,89,11832,3766,718,34,6,3,150,1324,12573,17676,
70,105,110,46,69,76,9105,2914,583,43,5,3,144,1304,12585,17686,
61,88,91,40,58,69,8370,2676,476,21,3,3,130,1179,12630,17713,
85,119,142,56,79,94,11202,3593,602,73,24,16,134,1241,12604,17692,
91,137,156,60,90,103,12174,3942,777,72,24,17,140,1279,12594,17692,
102,144,157,67,95,104,13002,4171,785,60,11,5,124,1164,12630,17709,
89,133,147,59,88,97,11850,3813,746,64,11,10,106,980,12695,17744,
73,111,123,48,73,81,9831,3145,577,62,12,8,105,935,12711,17758,
114,167,179,75,111,119,15057,4819,880,84,15,9,104,937,12706,17750,
78,115,128,51,76,85,10308,3305,600,60,12,12,106,878,12736,17748,
97,149,165,64,98,109,13161,4202,863,76,18,11,104,912,12719,17751,
84,128,141,55,85,93,11340,3630,701,56,13,13,112,939,12707,17739,
77,116,124,50,76,82,10503,3352,608,56,7,6,105,868,12738,17745,
82,111,132,54,73,87,10533,3397,602,52,25,20,120,936,12708,17720,
83,123,148,54,81,98,10692,3440,688,78,27,18,129,941,12713,17716,
82,121,127,54,80,84,10719,3447,623,55,7,5,124,906,12715,17714,
74,106,108,49,70,76,9681,3076,532,26,3,2,124,906,12726,17728,
80,117,127,53,77,84,10521,3359,647,56,12,6,119,964,12702,17719,
81,119,129,53,79,85,10680,3430,667,47,11,9,127,1007,12684,17710,
81,125,144,53,83,95,11085,3518,720,74,22,13,136,1014,12682,17688,
92,133,156,61,88,103,11967,3844,764,79,26,18,123,968,12694,17712,
97,137,154,64,91,102,12690,4067,749,52,20,15,132,1064,12654,17700,
87,132,148,57,87,98,11514,3694,719,67,16,15,122,954,12706,17718,
90,138,163,59,91,108,12087,3868,785,88,29,21,130,1021,12679,17707,
82,121,140,54,80,93,10803,3458,695,62,23,12,131,1021,12683,17712,
88,127,145,58,84,96,11493,3672,682,65,22,19,125,1005,12673,17721,
71,113,127,47,74,84,9675,3114,690,65,16,11,139,1170,12622,17697,
87,135,150,57,89,99,11577,3737,737,81,16,11,136,1134,12640,17712,
75,117,131,49,77,87,10050,3210,652,60,15,10,118,994,12687,17725,
83,124,139,55,82,92,10944,3522,665,72,15,9,121,1034,12672,17723,
82,129,144,54,85,95,11247,3599,747,76,14,9,122,1036,12668,17720,
92,134,146,61,89,97,11949,3844,816,47,13,7,116,1029,12675,17729,
101,144,173,66,95,114,13026,4193,849,86,35,24,122,1034,12674,17728,
78,119,126,51,79,84,10689,3394,661,54,7,5,101,877,12723,17753,
87,133,148,57,88,98,11631,3754,737,68,17,15,99,877,12718,17744,
73,108,116,48,71,78,9687,3116,606,41,9,7,106,927,12714,17745,
82,128,141,54,85,93,11013,3529,748,61,12,10,126,989,12691,17720,
84,124,138,55,82,91,11220,3588,694,55,16,12,136,1042,12668,17704,
72,109,116,47,72,78,9513,3071,575,43,8,6,139,1028,12665,17691,
59,86,97,39,57,72,7956,2547,472,27,13,11,134,970,12700,17702,
61,93,104,40,61,74,8076,2596,542,45,10,6,132,898,12718,17721,
62,87,97,41,57,72,8028,2577,505,23,12,9,132,931,12712,17697,
65,95,105,43,63,75,8733,2781,539,33,11,10,129,938,12705,17714,
84,123,136,55,81,90,10860,3503,671,54,14,12,132,990,12691,17712,
66,96,101,43,63,72,8667,2793,532,38,4,3,119,895,12725,17722,
64,94,101,42,62,73,8466,2731,499,42,6,3,117,873,12733,17737,
63,90,98,41,59,72,8304,2651,456,41,9,7,119,892,12722,17732,
55,79,89,36,53,68,7101,2277,409,29,13,8,100,814,12774,17762,
50,73,79,33,50,63,6576,2106,399,34,6,5,94,799,12784,17763,
83,127,140,55,84,93,11100,3560,744,58,15,8,97,807,12768,17759,
71,98,102,46,64,73,9219,2959,487,28,6,4,104,847,12740,17748,
64,91,95,42,60,71,8211,2645,491,27,4,2,101,855,12736,17751,
59,79,83,39,53,66,7611,2429,410,13,4,3,92,827,12769,17772,
54,78,83,35,52,66,7251,2327,402,19,6,4,90,806,12777,17761,
60,88,97,39,58,72,7905,2530,493,29,8,8,106,876,12727,17746,
47,65,73,33,48,61,6075,1933,338,23,8,8,98,811,12774,17765,
62,89,99,41,58,73,8064,2579,456,35,12,8,96,827,12757,17758,
64,94,100,42,62,72,8640,2787,509,31,6,4,105,856,12741,17752,
89,131,141,59,86,93,11844,3777,722,41,9,7,96,848,12747,17760,
87,128,149,57,85,99,11418,3684,710,76,27,16,108,922,12714,17750,
91,133,147,60,88,97,12108,3894,707,68,15,9,119,1037,12670,17730,
94,139,158,62,92,105,12642,3979,789,80,21,17,109,1025,12682,17752,
128,195,208,85,129,138,16833,5405,1097,112,15,10,106,1034,12676,17753,
110,162,178,73,107,118,14511,4650,911,80,19,17,78,845,12742,17778,
109,153,173,72,101,115,14421,4603,763,71,24,16,95,854,12748,17774,
97,136,145,64,90,96,12903,4103,748,47,8,6,80,837,12756,17782,
116,167,183,76,111,122,15633,4988,926,64,18,11,81,801,12777,17789,
114,176,186,75,117,123,15405,4936,985,94,10,9,74,795,12791,17800,
118,168,189,78,111,125,15528,4988,893,86,24,14,61,764,12813,17811,
113,161,185,74,107,123,15123,4867,863,94,25,17,54,725,12840,17832,
122,174,187,81,115,124,16227,5188,929,78,10,8,51,736,12822,17831,
139,203,234,92,135,155,18531,5928,1291,100,36,22,70,843,12743,17795,
126,192,215,84,127,142,17151,5502,1111,132,23,8,69,828,12761,17802,
127,189,216,84,125,143,17076,5462,1022,122,33,25,78,849,12743,17790,
126,188,214,83,125,142,16734,5367,1036,118,30,22,78,895,12722,17783,
129,194,218,85,129,145,17397,5597,1164,98,24,16,92,985,12703,17768,
141,217,243,93,144,161,19137,6113,1269,120,29,23,100,1091,12660,17763,
130,197,225,86,131,149,17115,5479,1119,122,29,20,102,1125,12640,17757,
130,182,200,86,121,133,17295,5547,1020,68,22,10,107,1139,12640,17748,
97,147,167,64,97,111,12978,4159,820,91,18,13,80,876,12730,17793,
103,151,166,68,100,110,13914,4439,830,53,17,14,92,926,12714,17774,
115,173,191,76,115,127,15444,4945,995,88,17,12,87,980,12692,17776,
95,141,159,63,93,105,12654,4061,799,66,21,17,78,851,12746,17791,
97,140,154,64,93,102,12843,4115,807,58,15,12,68,785,12799,17811,
88,134,144,58,89,95,11643,3732,738,64,11,7,64,748,12817,17812,
92,139,157,61,92,104,12138,3905,833,70,21,15,58,743,12829,17819,
99,150,168,65,99,111,13647,4336,839,83,22,11,54,779,12802,17823,
110,155,181,72,102,120,14526,4658,827,82,29,21,74,826,12765,17799,
122,175,202,81,116,134,16146,5194,950,106,28,25,70,824,12768,17800,
101,148,167,66,98,110,13494,4321,770,90,19,14,61,788,12789,17813,
84,127,136,55,84,90,11289,3628,687,46,9,7,63,775,12806,17806,
71,105,112,46,69,76,9567,3048,561,52,5,5,50,701,12859,17844,
67,97,104,44,64,74,9015,2870,483,42,8,7,37,681,12880,17856,
78,118,129,51,78,85,10416,3322,639,59,12,8,45,722,12838,17838,
71,104,113,47,69,77,9282,2977,554,48,9,6,57,754,12820,17819,
82,131,151,54,86,100,11214,3596,740,92,22,16,73,841,12748,17801,
74,108,118,48,71,78,9849,3124,592,58,6,6,67,782,12799,17801,
82,125,132,54,83,87,10890,3496,664,64,6,6,48,718,12849,17839,
75,106,126,49,70,83,10062,3216,567,54,24,18,49,728,12837,17833,
91,129,149,60,85,98,11661,3744,670,70,25,16,59,736,12825,17816,
76,121,139,50,80,92,10158,3288,720,70,17,11,61,758,12806,17821,
90,138,151,59,91,100,11988,3854,742,72,15,13,61,763,12805,17819,
69,100,105,45,66,75,9024,2868,524,44,6,6,59,763,12809,17822,
74,113,118,49,75,79,9816,3132,641,44,6,4,67,838,12760,17808,
80,116,130,53,77,86,10524,3368,654,48,17,13,73,853,12741,17805,
97,145,154,64,96,102,12903,4115,760,70,10,6,81,982,12694,17787,
85,125,148,56,82,98,11286,3634,696,70,26,19,103,1132,12638,17748,
65,101,115,42,66,77,8985,2894,557,62,16,9,99,1044,12677,17759,
98,152,172,65,101,114,13146,4162,837,102,22,17,107,1168,12625,17753,
94,145,158,62,96,105,12147,3918,790,78,16,11,109,1136,12638,17748,
108,159,178,71,105,118,14604,4677,936,76,22,11,103,1084,12653,17746,
94,139,153,62,92,101,12579,4036,796,60,13,9,113,1109,12647,17739,
117,177,202,77,117,134,15933,5078,972,94,31,24,115,1132,12634,17725,
99,156,176,65,103,116,13650,4362,867,96,20,17,107,1001,12686,17745,
88,135,150,58,89,99,11940,3816,754,74,19,15,118,1044,12670,17732,
77,113,128,51,75,85,9987,3211,647,55,16,12,122,1091,12654,17717,
76,114,132,50,75,87,10368,3292,643,66,20,16,139,1150,12633,17696,
78,120,142,51,79,94,10248,3270,675,71,26,23,152,1201,12615,17681,
69,100,118,45,66,78,9414,2999,518,55,17,14,153,1167,12619,17672,
69,101,107,45,66,75,9168,2964,556,38,6,5,160,1187,12624,17674,
77,120,131,50,79,86,10548,3354,652,74,13,8,158,1121,12644,17682,
74,107,118,49,71,79,9681,3109,578,52,13,8,144,1112,12653,17682,
65,100,111,42,66,76,8847,2824,564,66,12,7,130,939,12702,17706,
74,105,120,49,69,80,9789,3122,566,47,13,9,140,1036,12670,17695,
59,93,99,39,61,72,7896,2518,515,50,6,6,127,966,12695,17716,
66,96,102,43,63,73,8724,2781,485,43,5,4,134,1006,12679,17709,
63,95,104,41,62,74,8655,2748,479,47,9,6,119,938,12704,17723,
58,86,101,38,56,72,7869,2507,464,60,16,10,101,842,12748,17746,
62,94,101,40,62,72,8445,2715,518,41,8,7,116,911,12711,17732,
68,103,111,45,68,77,9348,2991,542,45,9,7,113,939,12704,17731,
69,98,115,45,65,78,9048,2877,516,56,18,12,119,977,12697,17731,
60,91,100,39,60,72,8211,2623,482,37,9,6,142,1118,12647,17689,
61,89,95,40,58,70,8307,2629,473,31,6,5,124,969,12698,17719,
66,98,106,43,65,75,8868,2815,524,46,8,5,110,928,12704,17726,
74,111,123,49,73,81,9891,3168,605,54,12,8,109,867,12739,17741,
73,112,123,48,74,81,10014,3178,601,50,13,7,104,853,12733,17742,
66,98,107,43,65,75,8763,2792,509,47,9,7,127,1034,12679,17716,
74,103,117,49,68,79,9720,3129,590,36,16,12,136,1093,12659,17710,
70,103,111,46,68,77,9411,3034,564,47,8,6,124,1048,12670,17716,
79,117,126,52,77,83,10518,3391,627,49,11,7,129,1052,12668,17711,
77,115,135,51,76,89,10173,3250,623,74,21,19,118,967,12696,17732,
76,106,128,50,70,85,10065,3219,555,54,25,19,114,910,12717,17730,
67,103,109,44,68,76,9039,2885,540,55,6,5,122,914,12716,17729,
74,106,119,49,70,79,9666,3094,581,47,11,10,137,1038,12673,17701,
77,106,126,51,70,83,10254,3263,530,51,25,17,133,910,12716,17704,
73,107,118,48,70,80,9525,3039,538,51,12,10,119,849,12738,17734,
66,93,104,43,61,74,8895,2856,511,25,13,10,110,851,12745,17740,
69,98,102,45,65,73,9117,2896,474,33,4,3,100,830,12760,17755,
85,129,148,56,85,98,11217,3591,724,88,22,14,117,930,12708,17724,
78,111,123,51,73,81,10308,3289,625,40,12,8,130,1107,12656,17705,
68,99,101,44,65,72,8802,2849,467,42,3,3,127,1003,12691,17736,
88,130,139,58,86,92,11673,3715,721,53,10,9,125,1052,12667,17719,
73,105,116,48,69,78,9603,3053,501,54,12,11,94,823,12751,17757,
75,109,122,49,72,81,9984,3203,564,48,14,9,96,850,12740,17755,
86,128,137,57,85,91,11505,3678,647,56,11,10,108,957,12701,17750,
106,163,182,70,108,121,14283,4567,911,86,25,15,117,952,12701,17737,
117,185,209,77,122,138,15699,5030,1053,130,27,19,105,883,12730,17751,
117,182,199,77,121,132,15993,5141,1035,98,17,13,92,832,12753,17761,
127,192,217,84,127,144,16899,5454,1084,110,30,23,102,873,12727,17756,
120,177,194,79,117,128,16236,5224,1011,80,21,13,107,851,12740,17751,
124,191,219,82,127,145,16683,5346,1046,134,33,23,108,849,12743,17750,
124,185,210,82,123,139,16428,5274,1068,114,27,18,112,920,12713,17736,
135,208,235,89,138,156,18489,5904,1279,114,32,24,129,1011,12681,17717,
139,213,238,92,141,158,19161,6122,1189,134,32,22,117,926,12706,17729,
133,207,240,88,137,159,17880,5718,1180,162,36,27,137,1134,12632,17702,
130,201,239,86,133,158,17619,5652,1195,146,47,33,137,1114,12640,17694,
119,180,207,79,119,137,16098,5156,1020,96,32,21,128,1012,12689,17711,
127,192,222,84,127,147,17187,5517,1033,122,34,27,134,988,12688,17706,
149,227,251,99,151,167,20049,6453,1266,126,31,23,136,1011,12687,17705,
128,197,222,84,131,147,17580,5646,1189,95,32,22,120,855,12729,17721,
129,189,228,85,125,151,17268,5554,1095,116,48,32,119,909,12721,17710,
116,178,208,77,118,138,15723,5038,986,128,36,31,128,919,12719,17715,
118,180,205,78,119,136,15735,5088,1000,106,27,23,129,912,12708,17711,
121,177,209,80,117,139,16281,5206,1003,108,36,26,123,873,12729,17727,
125,195,207,82,129,137,17169,5510,1077,96,13,8,130,955,12700,17709,
161,240,276,107,159,183,21828,6985,1442,142,42,38,136,953,12707,17709,
131,193,213,87,128,141,17460,5598,1107,81,24,20,129,978,12688,17718,
126,189,223,83,125,148,17247,5502,1047,128,40,29,148,1165,12630,17689,
154,242,281,102,160,187,21255,6885,1408,199,47,32,166,1365,12555,17649,
129,195,228,85,129,151,17229,5528,1073,128,39,31,161,1241,12602,17674,
126,177,203,83,117,135,16719,5332,968,86,27,21,174,1394,12550,17646,
118,176,201,78,117,133,15804,5070,990,102,26,24,176,1398,12545,17633,
110,165,185,73,109,123,14613,4695,933,84,26,17,165,1187,12623,17664,
113,162,177,75,107,117,14781,4746,844,84,18,13,160,1143,12631,17667,
103,150,171,68,99,113,13707,4402,793,86,22,21,141,1026,12679,17692,
102,150,163,67,100,108,13434,4312,776,84,13,11,130,989,12693,17708,
110,153,184,73,101,122,14418,4634,801,73,39,31,148,1100,12647,17688,
87,132,143,57,87,95,11781,3777,704,68,14,8,141,1015,12682,17705,
88,129,136,58,85,90,11850,3764,670,55,7,6,149,1083,12657,17691,
89,129,143,59,85,95,11907,3823,685,48,16,11,139,1048,12667,17697,
82,116,124,54,77,82,10656,3394,589,48,9,4,128,982,12690,17714,
80,115,120,53,76,80,10527,3360,608,32,5,4,167,1204,12616,17659,
84,124,130,55,82,86,11040,3553,648,52,8,6,183,1290,12588,17627,
63,92,95,42,61,70,8781,2802,477,31,4,1,162,1028,12678,17675,
82,123,133,53,82,88,10767,3472,664,43,12,8,177,1257,12603,17646,
74,111,130,49,73,85,9639,3080,614,70,18,14,187,1299,12584,17626,
84,122,136,55,81,90,10788,3473,669,65,16,10,159,1074,12652,17667,
76,112,120,50,74,80,9885,3155,594,49,9,6,158,1063,12661,17684,
89,136,151,59,90,100,12072,3885,757,72,16,11,135,951,12712,17696,
83,121,136,55,80,90,11142,3580,678,62,20,10,145,1020,12678,17688,
101,143,165,66,95,109,13668,4368,797,72,22,20,140,940,12705,17699,
74,124,141,49,82,93,10146,3262,717,94,18,13,139,958,12699,17712,
79,114,125,52,75,83,10497,3365,599,49,10,5,148,1066,12659,17693,
72,106,122,47,70,81,9543,3065,562,62,17,15,152,1088,12653,17674,
89,128,134,58,84,88,11865,3800,717,44,4,3,144,1012,12673,17683,
71,107,123,47,71,81,9495,3010,598,64,20,13,145,1006,12686,17689,
63,97,111,41,64,77,8187,2634,522,67,16,13,130,899,12719,17713,
98,146,168,65,97,111,12978,4168,783,88,23,18,140,1053,12668,17698,
72,115,131,47,76,86,9789,3146,656,76,18,12,143,1117,12642,17681,
76,116,128,50,76,84,9996,3224,656,64,12,6,151,1113,12652,17676,
62,93,111,41,61,77,8181,2622,513,70,18,13,153,1128,12643,17670,
71,107,117,47,71,79,9363,3018,593,54,12,10,156,1125,12646,17677,
60,90,104,39,59,74,8049,2570,431,65,16,10,136,976,12689,17691,
84,121,139,55,80,92,11046,3566,635,62,22,14,143,1049,12672,17695,
73,110,125,48,73,83,9738,3141,604,56,15,14,136,945,12705,17701,
64,100,110,42,65,75,8766,2830,557,56,11,7,155,1131,12639,17671,
59,88,101,39,58,73,7794,2506,500,48,13,12,144,1032,12671,17684,
50,73,83,33,50,65,6786,2161,408,30,12,12,135,1020,12675,17704,
55,77,82,36,51,65,7284,2321,362,39,4,3,142,1061,12663,17696,
56,88,94,37,58,70,7659,2437,519,37,6,4,140,1050,12671,17695,
51,74,81,34,51,65,6756,2167,414,20,9,6,138,1033,12670,17689,
53,82,88,35,54,68,7137,2280,423,36,6,4,149,1066,12663,17685,
50,75,81,33,51,64,6645,2138,427,30,6,6,146,1019,12676,17684,
46,67,73,32,48,61,6168,1976,368,25,6,5,142,1047,12668,17689,
44,69,80,31,49,64,6150,1982,380,38,13,7,145,1074,12661,17692,
46,72,90,32,50,68,6312,2022,433,55,18,18,150,1145,12640,17678,
45,70,76,32,50,62,5985,1921,404,31,6,6,143,1012,12675,17679,
44,64,76,32,47,62,5850,1865,351,32,13,13,143,1022,12682,17681,
51,68,76,34,49,62,6456,2068,351,21,8,5,150,1092,12650,17680,
42,63,65,31,47,57,5583,1774,346,23,2,2,147,1048,12668,17690,
42,61,72,31,46,61,5457,1745,307,34,11,11,151,1046,12664,17680,
47,68,73,32,48,61,6363,2017,383,24,7,4,146,1029,12672,17693,
38,53,57,29,42,52,5001,1599,277,25,5,2,138,1043,12674,17694,
60,83,89,39,55,68,7746,2489,393,35,7,3,155,1051,12666,17686,
44,55,65,32,44,57,5688,1829,270,17,10,8,148,1067,12665,17692,
56,78,82,37,52,65,7302,2338,409,21,5,5,122,898,12712,17709,
50,71,77,33,49,62,6600,2104,366,27,7,3,114,905,12717,17731,
39,53,54,30,43,50,5115,1618,256,13,1,1,114,871,12722,17732,
35,52,56,28,42,52,4773,1536,280,17,5,3,128,1006,12682,17701,
48,71,81,33,49,64,6306,2013,389,37,11,11,137,959,12699,17707,
68,103,119,45,68,79,9195,2934,532,66,17,16,114,875,12726,17732,
50,73,85,34,51,67,6756,2153,373,40,15,11,116,858,12735,17735,
52,76,91,35,52,69,6993,2251,403,36,17,15,91,752,12816,17782,
69,104,115,45,69,78,8934,2880,592,44,10,9,91,768,12802,17771,
63,97,102,41,64,73,8229,2644,514,58,4,3,94,776,12788,17768,
62,98,103,41,65,74,8211,2635,574,48,5,4,93,764,12801,17765,
85,139,155,56,92,103,11628,3734,793,90,16,16,84,766,12809,17774,
66,101,112,43,67,77,8901,2846,554,60,11,8,76,702,12860,17794,
55,87,98,36,57,72,7392,2371,497,52,12,11,65,683,12867,17805,
59,92,104,39,61,74,7806,2509,507,51,12,9,65,659,12885,17815,
50,75,85,34,51,67,6765,2148,402,38,13,9,56,637,12903,17824,
64,94,106,42,62,75,8442,2696,510,38,13,12,63,686,12872,17812,
58,83,90,38,55,69,7566,2444,442,32,8,5,66,696,12849,17807,
59,90,105,39,59,75,7875,2524,445,58,15,9,89,787,12795,17772,
56,85,93,37,56,70,7365,2353,494,39,7,7,82,760,12806,17787,
56,85,96,36,56,71,7623,2427,479,36,13,10,97,834,12752,17759,
56,89,96,37,59,71,7467,2407,466,64,6,5,111,907,12714,17743,
55,80,86,36,53,67,7167,2318,402,29,6,6,94,848,12737,17757,
59,82,87,39,54,67,7761,2482,462,15,3,3,126,1036,12673,17713,
49,74,86,34,51,67,6453,2076,427,40,14,11,81,810,12768,17785,
41,64,76,30,47,62,5568,1774,391,36,13,7,89,841,12746,17765,
46,66,67,32,47,57,6072,1962,344,25,1,0,96,894,12724,17766,
37,55,58,28,43,52,4929,1600,303,22,2,2,99,926,12711,17761,
45,67,76,32,48,62,5916,1887,380,43,10,5,96,845,12743,17767,
37,57,63,29,44,56,5169,1661,310,20,6,6,93,896,12717,17753,
43,62,68,31,46,58,5754,1826,330,26,6,5,85,809,12772,17790,
41,55,63,30,43,55,5361,1713,298,17,10,7,66,736,12829,17809,
43,64,66,31,47,57,5646,1811,368,14,1,1,80,807,12771,17780,
47,70,78,32,49,63,6459,2080,348,39,9,9,67,723,12835,17808,
42,60,65,30,45,56,5676,1821,303,25,3,3,51,687,12860,17831,
45,60,68,32,46,58,5847,1885,316,16,10,8,52,695,12863,17829,
53,78,87,35,52,67,7044,2236,407,36,8,8,47,679,12879,17820,
54,85,98,35,56,72,7362,2358,478,65,14,11,53,698,12871,17836,
38,59,65,29,45,57,5556,1762,320,23,7,7,44,662,12882,17846,
40,59,66,30,45,57,5490,1748,292,23,9,4,36,670,12882,17852,
31,43,48,26,37,46,4371,1368,234,13,4,3,21,609,12923,17875,
30,41,43,26,36,43,3933,1257,206,12,2,1,20,588,12942,17876,
33,48,52,27,40,49,4530,1427,259,18,5,3,4,525,12990,17896,
26,39,43,23,35,43,3675,1167,218,16,4,2,0,496,13013,17915,
29,41,45,25,36,44,4035,1294,214,12,4,4,0,449,13050,17944,
28,41,43,24,36,43,3765,1176,232,15,1,1,0,438,13054,17933,
26,41,48,23,36,46,3660,1166,261,21,8,8,0,441,13051,17941,
26,40,47,23,36,46,3594,1143,216,30,9,3,0,449,13058,17949,
23,33,33,22,32,33,3042,983,162,8,1,1,0,477,13027,17931,
21,29,31,20,29,31,3039,969,140,4,2,2,0,428,13065,17953,
24,35,38,22,33,38,3171,1027,188,14,2,1,0,467,13037,17931,
23,35,38,22,33,38,3264,1055,162,18,3,2,0,430,13060,17952,
21,30,33,20,30,33,2937,931,150,9,3,3,0,400,13090,17969,
22,28,32,21,28,32,2829,891,146,7,4,4,0,432,13067,17948,
19,25,27,19,25,27,2622,834,148,5,2,2,0,400,13115,17981,
18,25,27,18,25,27,2442,783,132,7,2,1,0,400,13097,17971,
19,23,29,19,23,29,2568,824,122,11,4,4,0,400,13124,17983,
16,20,24,16,20,24,2154,678,98,4,4,4,0,400,13132,17996,
16,19,20,16,19,20,2256,723,74,2,1,1,0,400,13172,18010,
12,14,15,12,14,15,1680,534,72,3,0,0,0,400,13208,18039,
10,12,14,10,12,14,1512,486,46,3,2,1,0,400,13247,18054,
13,17,19,13,17,19,1800,581,90,6,2,1,0,400,13145,18012,
12,15,16,12,15,16,1770,558,72,3,2,2,0,400,13243,18059,
11,13,13,11,13,13,1482,478,62,2,0,0,0,400,13214,18049,
10,12,15,10,12,15,1473,468,56,3,3,3,0,400,13248,18046,
8,10,14,8,10,14,1155,380,56,6,3,3,0,400,13244,18059,
10,11,14,10,11,14,1437,464,43,3,3,2,0,400,13232,18046,
10,12,13,10,12,13,1407,447,50,1,1,1,0,400,13163,18000,
8,12,12,8,12,12,1248,398,55,3,0,0,0,400,13178,18018,
9,12,14,9,12,14,1317,422,70,2,2,2,0,400,13199,18016,
11,13,14,11,13,14,1470,475,73,1,1,0,0,400,13242,18048,
10,11,13,10,11,13,1395,442,41,2,2,2,0,400,13230,18045,
8,11,12,8,11,12,1362,425,51,1,1,1,0,400,13251,18051,
11,14,17,11,14,17,1713,527,82,6,3,2,0,400,13273,18065,
9,11,17,9,11,17,1317,412,58,8,6,6,0,400,13279,18078,
9,10,11,9,10,11,1320,418,47,1,0,0,0,400,13301,18096,
6,7,9,6,7,9,948,298,19,3,1,1,0,400,13313,18114,
7,8,9,7,8,9,1107,336,34,2,1,1,0,400,13288,18103,
9,10,10,9,10,10,1188,378,32,1,0,0,0,400,13314,18109,
6,7,7,6,7,7,867,283,32,1,0,0,0,400,13307,18109,
6,8,8,6,8,8,1026,334,49,1,0,0,0,400,13320,18126,
5,6,6,5,6,6,819,267,25,1,0,0,0,400,13315,18116,
4,7,7,4,7,7,867,278,45,2,0,0,0,400,13329,18133,
6,9,9,6,9,9,969,311,56,0,0,0,0,400,13336,18136,
6,7,7,6,7,7,930,301,35,0,0,0,0,400,13358,18160,
5,6,6,5,6,6,894,288,29,1,0,0,0,400,13329,18141,
5,6,6,5,6,6,843,259,18,1,0,0,0,400,13256,18083,
6,6,6,6,6,6,897,293,18,0,0,0,0,400,13243,18076,
6,7,7,6,7,7,837,275,32,1,1,0,0,400,13214,18041,
7,8,9,7,8,9,1038,330,34,1,1,1,0,400,13227,18051,
7,8,8,7,8,8,999,317,29,0,0,0,0,400,13206,18036,
7,9,11,7,9,11,1050,335,62,3,1,1,0,400,13192,18029,
5,7,7,5,7,7,948,307,42,0,0,0,0,400,13206,18038,
5,5,5,5,5,5,879,271,12,0,0,0,0,400,13216,18042,
5,6,8,5,6,8,804,260,21,3,3,3,0,400,13205,18041,
4,5,5,4,5,5,819,257,23,1,0,0,0,400,13182,18024,
5,6,6,5,6,6,780,256,22,1,0,0,0,400,13178,18012,
5,6,7,5,6,7,867,280,29,1,0,0,0,400,13196,18024,
5,6,7,5,6,7,825,266,30,1,1,1,0,400,13205,18028,
5,6,6,5,6,6,789,251,28,2,0,0,0,400,13218,18048,
5,6,8,5,6,8,846,256,35,3,2,0,0,400,13217,18053,
4,6,6,4,6,6,771,247,24,0,0,0,0,400,13229,18053,
5,5,6,5,5,6,855,267,26,1,0,0,0,400,13203,18043,
6,7,7,6,7,7,948,290,33,1,0,0,0,400,13232,18061,
4,5,5,4,5,5,849,276,21,0,0,0,0,400,13238,18068,
5,8,8,5,8,8,900,292,43,1,0,0,0,400,13227,18046,
